-69.280012	484.000000
-66.645044	421.000000
-64.010812	439.000000
-61.377316	412.000000
-58.746723	495.000000
-56.116865	503.000000
-53.487740	430.000000
-50.859349	524.000000
-48.231692	413.000000
-45.604767	512.000000
-42.980739	504.000000
-40.359606	530.000000
-37.737040	580.000000
-35.115203	526.000000
-32.494097	602.000000
-29.878045	561.000000
-27.260558	643.000000
-24.643799	569.000000
-22.027768	662.000000
-19.414623	672.000000
-16.802205	643.000000
-14.190512	685.000000
-11.581701	674.000000
-8.969301	640.000000
-6.361940	779.000000
-3.755301	804.000000
-1.151540	806.000000
1.453653	766.000000
4.058125	810.000000
6.659721	779.000000
9.260596	741.000000
11.860752	780.000000
14.458036	739.000000
17.056752	808.000000
19.652599	855.000000
22.247728	817.000000
24.842140	822.000000
27.433686	808.000000
30.026664	814.000000
32.616778	843.000000
35.206177	828.000000
37.792715	848.000000
40.380685	937.000000
42.965796	905.000000
45.550194	925.000000
48.131736	903.000000
50.714710	920.000000
53.294830	939.000000
55.876381	858.000000
58.455080	901.000000
61.033068	957.000000
63.608207	950.000000
66.182638	838.000000
68.758500	942.000000
71.331515	979.000000
73.903823	944.000000
76.473287	943.000000
79.042045	994.000000
81.612234	963.000000
84.179582	957.000000
86.746225	921.000000
89.307895	988.000000
91.870997	983.000000
94.435530	1016.000000
96.997227	1086.000000
99.556090	1178.000000
102.116383	1338.000000
104.673845	1613.000000
107.232737	2041.000000
109.786669	2715.000000
112.342032	3638.000000
114.894567	4934.000000
117.446404	6333.000000
119.997544	7869.000000
122.547988	9290.000000
125.095608	10566.000000
127.642533	11648.000000
130.188763	12748.000000
132.736422	13800.000000
135.281263	14571.000000
137.823285	15504.000000
140.362493	16562.000000
142.905253	17323.000000
145.445198	18319.000000
147.984452	19184.000000
150.520894	20161.000000
153.056645	21065.000000
155.591706	21980.000000
158.126078	22589.000000
160.657643	23503.000000
163.188520	24387.000000
165.720826	25064.000000
168.250327	25625.000000
170.779141	26225.000000
173.305153	26742.000000
175.830480	27247.000000
178.355122	27352.000000
180.881192	27436.000000
183.402351	27543.000000
185.924940	27680.000000
188.442620	27691.000000
190.961731	27667.000000
193.482270	27830.000000
195.997906	27826.000000
198.512861	27708.000000
201.027136	27644.000000
203.540731	27937.000000
206.053647	27914.000000
208.565883	27998.000000
211.073226	28120.000000
213.581999	28317.000000
216.090095	28415.000000
218.599618	28370.000000
221.104254	28723.000000
223.608215	28753.000000
226.111501	29035.000000
228.614111	28919.000000
231.113945	28988.000000
233.615207	29157.000000
236.113694	29248.000000
238.609408	29094.000000
241.106551	29253.000000
243.605120	29568.000000
246.098819	29600.000000
248.589749	29797.000000
251.082108	29882.000000
253.573797	29818.000000
256.062719	29753.000000
258.553069	29695.000000
261.040655	29676.000000
263.525478	29882.000000
266.011729	29868.000000
268.497313	29718.000000
270.978043	29812.000000
273.460202	29522.000000
275.941695	29427.000000
278.420432	29460.000000
280.900596	29348.000000
283.378005	29375.000000
285.854751	29773.000000
288.330834	29895.000000
290.802077	30175.000000
293.278925	30227.000000
295.748846	30278.000000
298.220196	30506.000000
300.690884	30307.000000
303.156741	30310.000000
305.628196	30304.000000
308.092736	30499.000000
310.558704	30400.000000
313.021929	30706.000000
315.484498	30345.000000
317.948493	30439.000000
320.409749	30465.000000
322.868268	30383.000000
325.326132	30297.000000
327.785423	30330.000000
330.241978	30509.000000
332.697880	30511.000000
335.151050	30389.000000
337.605646	30706.000000
340.055434	30507.000000
342.508726	30523.000000
344.957212	31160.000000
347.407125	31145.000000
349.854311	30738.000000
352.298773	30603.000000
354.746736	30880.000000
357.189901	30906.000000
359.634492	31102.000000
362.076362	31173.000000
364.517585	30994.000000
366.958161	31006.000000
369.396020	30951.000000
371.835304	30972.000000
374.269802	30915.000000
376.707796	31140.000000
379.143075	31306.000000
381.575642	31076.000000
384.007567	31014.000000
386.438848	31328.000000
388.867421	31253.000000
391.299486	31441.000000
393.726776	31655.000000
396.153426	31448.000000
398.579436	31715.000000
401.002742	31484.000000
403.427473	31387.000000
405.851565	31536.000000
408.272955	31762.000000
410.691645	31953.000000
413.109700	32171.000000
415.531239	32111.000000
417.948020	32021.000000
420.364166	31831.000000
422.777617	32064.000000
425.192492	32067.000000
427.606732	32392.000000
430.018281	32531.000000
432.427139	32504.000000
434.839478	32810.000000
437.247071	32748.000000
439.656088	32834.000000
442.060364	32961.000000
444.466063	33046.000000
446.869078	32857.000000
449.273517	32942.000000
451.677326	32664.000000
454.078452	32738.000000
456.476898	32592.000000
458.874717	32828.000000
461.271909	33077.000000
463.670524	32952.000000
466.066462	33105.000000
468.461773	32971.000000
470.854410	32988.000000
473.246422	32834.000000
475.639856	32901.000000
478.028572	32956.000000
480.418711	33127.000000
482.806181	33064.000000
485.193028	32888.000000
487.579253	32995.000000
489.964855	33145.000000
492.347793	33206.000000
494.730110	33199.000000
497.111806	33315.000000
499.494925	33355.000000
501.873340	33394.000000
504.251136	33380.000000
506.630355	33437.000000
509.004875	33300.000000
511.382857	33018.000000
513.754104	33220.000000
516.128812	33283.000000
518.500865	33372.000000
520.870266	33470.000000
523.243126	33323.000000
525.611297	33606.000000
527.978854	33743.000000
530.345797	33823.000000
532.710093	33976.000000
535.077844	33967.000000
537.440914	33836.000000
539.803373	33852.000000
542.165220	33700.000000
544.526456	34004.000000
546.885049	34057.000000
549.243033	34134.000000
551.600407	34143.000000
553.957172	34055.000000
556.313329	34103.000000
558.666847	34372.000000
561.021787	34439.000000
563.374090	34462.000000
565.721732	34182.000000
568.072823	34433.000000
570.423307	34528.000000
572.771159	34793.000000
575.116382	34458.000000
577.463024	34679.000000
579.809063	34623.000000
582.152473	34743.000000
584.493258	35019.000000
586.835463	34921.000000
589.177066	34804.000000
591.514024	34837.000000
593.856444	34854.000000
596.192200	34807.000000
598.529376	34858.000000
600.863933	34813.000000
603.199909	34950.000000
605.533268	35149.000000
607.864009	35101.000000
610.196171	35212.000000
612.525718	35220.000000
614.856684	35349.000000
617.183020	35290.000000
619.508762	35358.000000
621.835923	35261.000000
624.160473	35361.000000
626.486443	35814.000000
628.807791	35989.000000
631.130558	36033.000000
633.450719	36190.000000
635.768275	36493.000000
638.091274	36318.000000
640.407646	36274.000000
642.723427	36052.000000
645.038617	35965.000000
647.353216	36156.000000
649.667225	36226.000000
651.980644	36357.000000
654.291466	36495.000000
656.601698	36162.000000
658.909336	36525.000000
661.220399	36506.000000
663.526861	36390.000000
665.832737	36336.000000
668.138026	36618.000000
670.442728	36511.000000
672.746845	36304.000000
675.048373	36508.000000
677.349316	36470.000000
679.649674	36300.000000
681.947447	36475.000000
684.248639	36566.000000
686.545245	36702.000000
688.841269	36714.000000
691.134711	36708.000000
693.429571	36883.000000
695.723849	36664.000000
698.015548	36867.000000
700.304668	36846.000000
702.595207	36948.000000
704.883169	36503.000000
707.172548	36546.000000
709.459352	36487.000000
711.745578	36447.000000
714.029232	36498.000000
716.312309	36330.000000
718.596802	35973.000000
720.878725	36500.000000
723.160072	36406.000000
725.438852	36636.000000
727.717056	36642.000000
729.996677	36460.000000
732.271742	36616.000000
734.548223	36791.000000
736.822141	37189.000000
739.095487	37127.000000
741.370248	37392.000000
743.642449	37346.000000
745.910103	37399.000000
748.181160	37372.000000
750.449660	37251.000000
752.717589	37264.000000
754.982963	37154.000000
757.249753	37576.000000
759.513989	37522.000000
761.775672	37721.000000
764.040755	37457.000000
766.301303	37553.000000
768.561284	37547.000000
770.820699	37624.000000
773.079547	37766.000000
775.337828	37836.000000
777.593564	37776.000000
779.848734	37726.000000
782.103340	38013.000000
784.357382	38285.000000
786.610859	38510.000000
788.861795	38162.000000
791.110191	37981.000000
793.360001	37815.000000
795.607273	37934.000000
797.857936	37798.000000
800.104085	37971.000000
802.347698	38160.000000
804.592726	38105.000000
806.835220	37722.000000
809.079129	37857.000000
811.320504	37731.000000
813.559348	37785.000000
815.799607	37863.000000
818.037336	38045.000000
820.276479	38274.000000
822.513094	38026.000000
824.747182	38519.000000
826.980714	38108.000000
829.215660	38323.000000
831.448082	38388.000000
833.679948	37968.000000
835.909293	38002.000000
838.140051	38143.000000
840.368288	38435.000000
842.595972	38222.000000
844.821138	38208.000000
847.045752	38330.000000
849.269815	38000.000000
851.493327	37987.000000
853.720214	38181.000000
855.940659	38740.000000
858.160555	38647.000000
860.379901	38722.000000
862.596737	38699.000000
864.816946	38714.000000
867.032684	38598.000000
869.247875	38907.000000
871.462518	39152.000000
873.674655	38992.000000
875.890163	39262.000000
878.101206	39183.000000
880.309746	39266.000000
882.519699	39492.000000
884.727150	39489.000000
886.936013	39738.000000
889.144331	39812.000000
891.350149	39872.000000
893.553468	39953.000000
895.756245	39673.000000
897.960434	39539.000000
900.162127	39322.000000
902.363277	39426.000000
904.561934	39679.000000
906.760050	40079.000000
908.959578	40233.000000
911.156613	40630.000000
913.351159	40366.000000
915.547115	40414.000000
917.740583	40368.000000
919.933512	40328.000000
922.125903	40147.000000
924.315808	40272.000000
926.507125	39799.000000
928.694009	39705.000000
930.884251	39827.000000
933.072010	39841.000000
935.257288	40223.000000
937.442030	40103.000000
939.628183	40318.000000
941.809912	40246.000000
943.993051	40426.000000
946.171770	40553.000000
948.353842	40643.000000
950.531496	40530.000000
952.712503	40679.000000
954.889093	40555.000000
957.065152	40818.000000
959.240680	40489.000000
961.415678	40886.000000
963.588205	40765.000000
965.760203	40723.000000
967.933610	40853.000000
970.102612	40777.000000
972.271085	40989.000000
974.440968	40759.000000
976.608385	41050.000000
978.777212	41055.000000
980.941639	40901.000000
983.107475	40971.000000
985.270849	41044.000000
987.433698	40927.000000
989.594088	40864.000000
991.755887	41094.000000
993.915228	41551.000000
996.075978	41431.000000
998.232338	41433.000000
1000.390108	41577.000000
1002.545424	41631.000000
1004.702147	41516.000000
1006.856418	41769.000000
1009.010167	41858.000000
1011.161465	42034.000000
1013.312243	41714.000000
1015.464428	41531.000000
1017.614165	41471.000000
1019.761454	41518.000000
1021.908225	41612.000000
1024.054477	41547.000000
1026.202136	41546.000000
1028.345426	41481.000000
1030.488198	41622.000000
1032.632378	41822.000000
1034.774116	41830.000000
1036.915337	41464.000000
1039.054119	41598.000000
1041.194308	41647.000000
1043.330137	41764.000000
1045.467374	41827.000000
1047.604096	41995.000000
1049.740303	41802.000000
1051.872155	41791.000000
1054.007335	41705.000000
1056.140081	41517.000000
1058.270396	41584.000000
1060.400199	41771.000000
1062.529490	41730.000000
1064.658270	42074.000000
1066.786538	42188.000000
1068.912379	41990.000000
1071.039626	41794.000000
1073.162531	41857.000000
1075.284927	41841.000000
1077.408730	42057.000000
1079.532024	42428.000000
1081.652894	42717.000000
1083.771344	42878.000000
1085.891199	42883.000000
1088.008634	42689.000000
1090.127475	42804.000000
1092.241986	42917.000000
1094.355991	43047.000000
1096.469492	43305.000000
1098.584398	43307.000000
1100.698798	43385.000000
1102.808874	43300.000000
1104.920356	43505.000000
1107.029426	43771.000000
1109.136084	44031.000000
1111.246055	43820.000000
1113.351709	43644.000000
1115.458768	43859.000000
1117.563419	43940.000000
1119.665662	44298.000000
1121.771216	44093.000000
1123.870554	44180.000000
1125.971297	44655.000000
1128.071541	44987.000000
1130.171286	45220.000000
1132.270531	45279.000000
1134.369277	45204.000000
1136.463720	45014.000000
1138.559568	45365.000000
1140.653017	44925.000000
1142.747871	44667.000000
1144.840327	44382.000000
1146.932286	44168.000000
1149.021851	43987.000000
1151.112819	43825.000000
1153.203292	43785.000000
1155.289473	43753.000000
1157.377058	43792.000000
1159.462252	43668.000000
1161.548850	43680.000000
1163.633057	43722.000000
1165.716772	43439.000000
1167.798099	43442.000000
1169.880829	43530.000000
1171.959278	43837.000000
1174.041024	43646.000000
1176.120386	43619.000000
1178.197363	43658.000000
1180.271958	43655.000000
1182.349848	43927.000000
1184.425357	43651.000000
1186.498484	44062.000000
1188.571124	44422.000000
1190.645166	44234.000000
1192.714940	43941.000000
1194.786116	43793.000000
1196.854915	44041.000000
1198.923229	44355.000000
1200.991055	44377.000000
1203.056508	44525.000000
1205.127138	44326.000000
1207.189733	44030.000000
1209.253731	44262.000000
1211.317244	44253.000000
1213.378387	44193.000000
1215.439047	44580.000000
1217.499223	44525.000000
1219.558917	44506.000000
1221.618128	44840.000000
1223.674973	44828.000000
1225.733219	44622.000000
1227.789101	44680.000000
1229.840737	44285.000000
1231.895657	44093.000000
1233.948215	44264.000000
1236.002174	44466.000000
1238.051892	44387.000000
1240.103011	44367.000000
1242.151772	44158.000000
1244.198175	44145.000000
1246.247858	44513.000000
1248.295184	44392.000000
1250.340154	44728.000000
1252.384648	44940.000000
1254.426789	45256.000000
1256.472206	45244.000000
1258.513395	45333.000000
1260.555984	45276.000000
1262.594347	45299.000000
1264.634111	45049.000000
1266.673400	45356.000000
1268.710340	45473.000000
1270.746807	45325.000000
1272.782801	45234.000000
1274.818322	45128.000000
1276.851497	45064.000000
1278.884201	45202.000000
1280.916433	45052.000000
1282.946323	45229.000000
1284.975742	45568.000000
1287.006560	45786.000000
1289.035038	45977.000000
1291.063045	45824.000000
1293.088714	46143.000000
1295.115783	46143.000000
1297.140514	46168.000000
1299.162909	45884.000000
1301.186704	45795.000000
1303.208163	45686.000000
1305.229156	45765.000000
1307.251547	45576.000000
1309.269740	45716.000000
1311.285603	45605.000000
1313.304729	45781.000000
1315.321524	45318.000000
1317.337855	45564.000000
1319.353720	45267.000000
1321.365395	45503.000000
1323.378469	45727.000000
1325.391079	46094.000000
1327.403225	46010.000000
1329.413047	46184.000000
1331.422407	46083.000000
1333.429444	45814.000000
1335.439738	46204.000000
1337.447711	46373.000000
1339.451504	46643.000000
1341.456696	46794.000000
1343.459569	46698.000000
1345.463839	46824.000000
1347.465792	46362.000000
1349.467286	45875.000000
1351.468320	45645.000000
1353.467040	45785.000000
1355.467157	45707.000000
1357.464960	45637.000000
1359.460451	46051.000000
1361.457339	46135.000000
1363.451917	45985.000000
1365.446037	45805.000000
1367.441554	45868.000000
1369.432910	45730.000000
1371.423810	45937.000000
1373.414256	45884.000000
1375.404246	45613.000000
1377.393782	45908.000000
1379.382863	45860.000000
1381.369640	45512.000000
1383.355964	45547.000000
1385.339986	45411.000000
1387.325404	45646.000000
1389.308521	45769.000000
1391.291186	45485.000000
1393.273399	45311.000000
1395.255161	45412.000000
1397.236471	45523.000000
1399.213638	45666.000000
1401.192201	45662.000000
1403.168469	45816.000000
1405.147977	45707.000000
1407.121502	45924.000000
1409.096423	46032.000000
1411.070894	45942.000000
1413.043075	45802.000000
1415.016650	45994.000000
1416.986092	46078.000000
1418.956930	46177.000000
1420.925480	46175.000000
1422.895424	46121.000000
1424.863082	45784.000000
1426.830293	45546.000000
1428.795219	45645.000000
1430.759700	45929.000000
1432.725576	46376.000000
1434.689168	46710.000000
1436.650478	47021.000000
1438.613182	47011.000000
1440.573605	47082.000000
1442.533585	46971.000000
1444.493122	46735.000000
1446.450381	46883.000000
1448.407198	46844.000000
1450.365409	47108.000000
1452.319508	46858.000000
1454.275001	46479.000000
1456.228219	46725.000000
1458.180997	46269.000000
1460.133335	46307.000000
1462.083401	46439.000000
1464.034860	46213.000000
1465.984048	46258.000000
1467.930966	46425.000000
1469.879277	46428.000000
1471.825320	46433.000000
1473.774585	46566.000000
1475.716093	46423.000000
1477.660824	46390.000000
1479.605119	46491.000000
1481.545320	46622.000000
1483.488742	46155.000000
1485.429900	46240.000000
1487.368795	46329.000000
1489.307256	46464.000000
1491.245283	46526.000000
1493.184701	46389.000000
1495.120034	46210.000000
1497.054933	46031.000000
1498.989400	45824.000000
1500.923434	45735.000000
1502.857035	45588.000000
1504.788380	45967.000000
1506.721117	46241.000000
1508.649776	46532.000000
1510.578005	46356.000000
1512.507625	46473.000000
1514.434993	46356.000000
1516.363752	46087.000000
1518.288440	46163.000000
1520.212698	46381.000000
1522.138347	46367.000000
1524.061748	46125.000000
1525.982901	46060.000000
1527.905445	46502.000000
1529.825743	46055.000000
1531.747431	46286.000000
1533.666874	46268.000000
1535.584074	46350.000000
1537.500847	46375.000000
1539.415378	46675.000000
1541.333116	46925.000000
1543.248612	47023.000000
1545.161868	47519.000000
1547.074699	47499.000000
1548.987106	47430.000000
1550.899089	47413.000000
1552.808834	47551.000000
1554.718156	47507.000000
1556.628868	47850.000000
1558.535532	47734.000000
1560.443586	48142.000000
1562.349406	48497.000000
1564.254804	48648.000000
1566.157971	48673.000000
1568.060716	48544.000000
1569.966661	48492.000000
1571.868566	48665.000000
1573.768241	48868.000000
1575.669306	48722.000000
1577.568143	48248.000000
1579.468368	48233.000000
1581.364560	48152.000000
1583.260333	47973.000000
1585.157496	48007.000000
1587.052434	48272.000000
1588.948760	48422.000000
1590.841058	48712.000000
1592.734744	49131.000000
1594.626209	48821.000000
1596.515453	48621.000000
1598.407890	48332.000000
1600.296304	48306.000000
1602.184303	48230.000000
1604.071887	48146.000000
1605.959056	48211.000000
1607.845811	47922.000000
1609.730351	47811.000000
1611.612675	47842.000000
1613.496389	47399.000000
1615.379689	47485.000000
1617.262576	47302.000000
1619.143251	47493.000000
1621.021714	47598.000000
1622.901566	47821.000000
1624.779208	48033.000000
1626.658236	48480.000000
1628.533259	48178.000000
1630.409669	48079.000000
1632.283872	47965.000000
1634.157665	47749.000000
1636.032846	48043.000000
1637.904025	47867.000000
1639.774796	47989.000000
1641.645159	47791.000000
1643.518703	47922.000000
1645.386456	47683.000000
1647.253801	47733.000000
1649.120740	47702.000000
1650.987273	47935.000000
1652.851606	48000.000000
1654.719118	47902.000000
1656.582640	47649.000000
1658.445756	47808.000000
1660.306677	47868.000000
1662.170774	47780.000000
1664.030885	47501.000000
1665.890592	47420.000000
1667.748106	47539.000000
1669.607006	47309.000000
1671.463714	47214.000000
1673.323596	47336.000000
1675.177710	47421.000000
1677.031422	47598.000000
1678.884733	47457.000000
1680.739430	47579.000000
1682.593724	47828.000000
1684.444044	47837.000000
1686.293965	47747.000000
1688.143485	47729.000000
1689.990821	47488.000000
1691.841326	47407.000000
1693.687863	47286.000000
1695.534001	47066.000000
1697.381524	46947.000000
1699.226864	46985.000000
1701.070024	47127.000000
1702.912786	47232.000000
1704.756933	47095.000000
1706.597118	47102.000000
1708.438689	47156.000000
1710.278082	47074.000000
1712.117079	47070.000000
1713.955680	46992.000000
1715.792106	47000.000000
1717.629915	46936.000000
1719.467329	46489.000000
1721.300792	46792.000000
1723.133860	47324.000000
1724.966535	47205.000000
1726.800594	47171.000000
1728.632481	47415.000000
1730.462199	47489.000000
1732.293300	46921.000000
1734.122233	47426.000000
1735.950774	47405.000000
1737.778923	47798.000000
1739.604905	48302.000000
1741.430497	49049.000000
1743.255697	49030.000000
1745.082280	49153.000000
1746.904926	49069.000000
1748.727182	49518.000000
1750.549049	49323.000000
1752.368754	49466.000000
1754.191613	49678.000000
1756.010541	49715.000000
1757.827309	49741.000000
1759.645461	49664.000000
1761.461454	49730.000000
1763.278829	49725.000000
1765.094048	50013.000000
1766.908879	50204.000000
1768.723324	50176.000000
1770.535614	50585.000000
1772.347518	50568.000000
1774.159036	51016.000000
1775.968402	51063.000000
1777.777383	50504.000000
1779.587746	50060.000000
1781.395957	49954.000000
1783.202019	49643.000000
1785.009463	49603.000000
1786.814757	50120.000000
1788.617905	50496.000000
1790.424197	50261.000000
1792.228342	50024.000000
1794.028578	49782.000000
1795.830196	49822.000000
1797.629669	49502.000000
1799.432286	49376.000000
1801.230996	49090.000000
1803.027565	49437.000000
1804.825515	49441.000000
1806.621323	49567.000000
1808.418512	49352.000000
1810.213561	49219.000000
1812.008231	49114.000000
1813.800762	48494.000000
1815.592915	48551.000000
1817.386447	48024.000000
1819.176085	47887.000000
1820.967103	47904.000000
1822.755986	48074.000000
1824.542735	48345.000000
1826.332621	48371.000000
1828.120373	48815.000000
1829.905992	48752.000000
1831.689481	48509.000000
1833.474349	48493.000000
1835.258841	48545.000000
1837.042958	48733.000000
1838.823192	48603.000000
1840.604806	48617.000000
1842.386045	48784.000000
1844.165157	48754.000000
1845.945648	48537.000000
1847.722261	48253.000000
1849.500253	48505.000000
1851.276120	48461.000000
1853.051616	48399.000000
1854.828489	48610.000000
1856.601490	48796.000000
1858.374120	48482.000000
1860.148127	48428.000000
1861.920014	48422.000000
1863.689782	48315.000000
1865.459179	48624.000000
1867.228207	48397.000000
1868.996865	48190.000000
1870.765153	48232.000000
1872.531325	48780.000000
1874.297128	48595.000000
1876.062563	48710.000000
1877.829375	48655.000000
1879.592327	48680.000000
1881.356656	48909.000000
1883.118873	48935.000000
1884.877234	48770.000000
1886.638717	48774.000000
1888.399833	48864.000000
1890.157096	48752.000000
1891.915736	48606.000000
1893.674010	48738.000000
1895.431919	48516.000000
1897.187720	48259.000000
1898.941414	48444.000000
1900.696486	48625.000000
1902.449452	48609.000000
1904.200314	48487.000000
1905.954293	48246.000000
1907.704429	48702.000000
1909.454202	48866.000000
1911.203612	49101.000000
1912.952659	49155.000000
1914.703082	48645.000000
1916.449667	48365.000000
1918.194153	48396.000000
1919.940015	48757.000000
1921.683779	48651.000000
1923.430655	49164.000000
1925.173698	49604.000000
1926.912909	49746.000000
1928.655232	49586.000000
1930.397195	49416.000000
1932.137064	49435.000000
1933.876573	49331.000000
1935.613990	49323.000000
1937.352782	48904.000000
1939.087749	49113.000000
1940.825825	49131.000000
1942.561809	49109.000000
1944.293972	49012.000000
1946.029242	48715.000000
1947.762424	48617.000000
1949.493517	48430.000000
1951.225986	48268.000000
1952.956368	48660.000000
1954.684664	48939.000000
1956.414335	49417.000000
1958.143651	49367.000000
1959.870883	49534.000000
1961.597760	49855.000000
1963.322555	49796.000000
1965.048723	49537.000000
1966.772811	49174.000000
1968.496545	48653.000000
1970.219926	48919.000000
1971.941228	49288.000000
1973.662177	49405.000000
1975.384500	49940.000000
1977.103019	49904.000000
1978.821187	49593.000000
1980.539004	49712.000000
1982.256470	49635.000000
1983.973586	49080.000000
1985.690350	49206.000000
1987.403317	49249.000000
1989.119381	49314.000000
1990.831649	49410.000000
1992.547013	49118.000000
1994.256861	48982.000000
1995.968082	49174.000000
1997.678955	49210.000000
1999.389479	49471.000000
2001.096214	49351.000000
2002.804322	49282.000000
2004.512083	49324.000000
2006.219496	49490.000000
2007.924842	49561.000000
2009.629843	49347.000000
2011.334497	49576.000000
2013.037086	49433.000000
2014.739331	49615.000000
2016.442947	49360.000000
2018.142783	48932.000000
2019.842275	49046.000000
2021.543138	48873.000000
2023.241941	49225.000000
2024.936969	49423.000000
2026.636799	49118.000000
2028.332856	49000.000000
2030.028569	48723.000000
2031.723939	48688.000000
2033.418965	48642.000000
2035.111936	48588.000000
2036.804565	48720.000000
2038.496852	48643.000000
2040.187084	48392.000000
2041.875264	48247.000000
2043.566526	48327.000000
2045.255736	48225.000000
2046.942894	48325.000000
2048.629712	48458.000000
2050.317901	48504.000000
2052.004039	48722.000000
2053.688127	48662.000000
2055.371877	48722.000000
2057.055289	48330.000000
2058.740070	48090.000000
2060.421095	47861.000000
2062.101783	47883.000000
2063.780426	47991.000000
2065.460439	47582.000000
2067.141821	47811.000000
2068.819452	48503.000000
2070.495041	48618.000000
2072.171999	48855.000000
2073.846916	48871.000000
2075.524907	49088.000000
2077.197447	48727.000000
2078.871357	48951.000000
2080.543228	49299.000000
2082.214764	49242.000000
2083.889373	49108.000000
2085.558536	49167.000000
2087.227366	49061.000000
2088.895863	48994.000000
2090.564026	49263.000000
2092.231857	49144.000000
2093.899354	48880.000000
2095.564817	48429.000000
2097.228247	48857.000000
2098.893046	48489.000000
2100.557513	48762.000000
2102.221648	48495.000000
2103.883752	48594.000000
2105.543825	48874.000000
2107.203569	48990.000000
2108.864681	48692.000000
2110.525461	48891.000000
2112.182516	48691.000000
2113.839242	48358.000000
2115.495639	48194.000000
2117.153403	47969.000000
2118.807445	48334.000000
2120.462855	48500.000000
2122.116240	48549.000000
2123.769298	48885.000000
2125.423722	48699.000000
2127.074429	48773.000000
2128.724809	48959.000000
2130.374862	49005.000000
2132.022895	49162.000000
2133.672295	48921.000000
2135.319675	48871.000000
2136.966730	48387.000000
2138.613458	48556.000000
2140.258170	48402.000000
2141.905939	48310.000000
2143.550000	48265.000000
2145.190354	47404.000000
2146.833767	47283.000000
2148.476854	47663.000000
2150.117928	47448.000000
2151.758678	47417.000000
2153.397415	47626.000000
2155.035829	47761.000000
2156.672232	48349.000000
2158.311690	48271.000000
2159.947448	47968.000000
2161.584572	47832.000000
2163.218000	47804.000000
2164.854481	47469.000000
2166.487266	47813.000000
2168.121417	47809.000000
2169.751874	47931.000000
2171.383698	47577.000000
2173.013516	47362.000000
2174.644699	47643.000000
2176.273877	47421.000000
2177.902736	47091.000000
2179.527907	46914.000000
2181.156128	46960.000000
2182.782346	46884.000000
2184.408246	46899.000000
2186.030463	46823.000000
2187.655727	46679.000000
2189.278990	46825.000000
2190.901937	46900.000000
2192.524566	46956.000000
2194.143516	46755.000000
2195.765512	47299.000000
2197.385510	47030.000000
2199.003512	46944.000000
2200.621198	47270.000000
2202.238569	47236.000000
2203.853945	47190.000000
2205.469007	47442.000000
2207.085433	47582.000000
2208.701544	47878.000000
2210.313984	47993.000000
2211.926111	47511.000000
2213.537924	47301.000000
2215.149424	47176.000000
2216.760610	46851.000000
2218.369808	47186.000000
2219.978692	46998.000000
2221.587265	47318.000000
2223.195525	47360.000000
2224.803473	47493.000000
2226.407760	47618.000000
2228.013410	48009.000000
2229.620423	47991.000000
2231.223777	47724.000000
2232.825147	47280.000000
2234.429554	47468.000000
2236.030304	47513.000000
2237.630745	47566.000000
2239.232549	47430.000000
2240.832370	47420.000000
2242.430212	47362.000000
2244.027745	47348.000000
2245.626640	47148.000000
2247.223555	46990.000000
2248.818493	47174.000000
2250.413123	46858.000000
2252.007446	46876.000000
2253.601461	46794.000000
2255.196838	47013.000000
2256.786901	47274.000000
2258.378327	47384.000000
2259.969447	47593.000000
2261.560261	47774.000000
2263.149101	47444.000000
2264.737636	47425.000000
2266.325865	47146.000000
2267.912123	47398.000000
2269.498077	47312.000000
2271.085392	47198.000000
2272.669071	47075.000000
2274.254112	46982.000000
2275.837183	46719.000000
2277.421616	46764.000000
2279.002417	46793.000000
2280.584579	46879.000000
2282.164774	46664.000000
2283.743004	46846.000000
2285.322595	46777.000000
2286.901883	46881.000000
2288.480870	47426.000000
2290.057892	47614.000000
2291.631291	47687.000000
2293.209372	47868.000000
2294.783831	47837.000000
2296.356328	47813.000000
2297.930186	47947.000000
2299.502083	48248.000000
2301.075341	47888.000000
2302.646639	47962.000000
2304.217638	47581.000000
2305.786678	47859.000000
2307.355421	47597.000000
2308.923864	47844.000000
2310.492010	47755.000000
2312.059856	47746.000000
2313.624091	47801.000000
2315.189685	47680.000000
2316.753326	47589.000000
2318.319982	47176.000000
2319.883028	47112.000000
2321.445778	46862.000000
2323.006577	47090.000000
2324.568734	47169.000000
2326.128940	47296.000000
2327.688851	48013.000000
2329.245159	47675.000000
2330.804479	47412.000000
2332.361851	47391.000000
2333.918928	47011.000000
2335.474058	46952.000000
2337.030547	46862.000000
2338.585089	46754.000000
2340.139337	46937.000000
2341.693292	47131.000000
2343.245302	47508.000000
2344.797019	47651.000000
2346.346793	47507.000000
2347.897926	47310.000000
2349.447116	47336.000000
2350.996013	47101.000000
2352.544620	47191.000000
2354.091285	46810.000000
2355.639308	46459.000000
2357.185392	46205.000000
2358.729536	46195.000000
2360.275038	46614.000000
2361.818602	46966.000000
2363.361876	46917.000000
2364.904860	46990.000000
2366.445908	46412.000000
2367.988313	46774.000000
2369.527137	46417.000000
2371.068963	46565.000000
2372.607210	46525.000000
2374.145168	46018.000000
2375.681194	45872.000000
2377.218576	45819.000000
2378.757315	45533.000000
2380.290834	45704.000000
2381.825710	46005.000000
2383.360299	45891.000000
2384.892958	45926.000000
2386.426973	46246.000000
2387.957418	46253.000000
2389.487577	46150.000000
2391.019092	46069.000000
2392.548679	45983.000000
2394.077982	45869.000000
2395.606999	46070.000000
2397.132450	45856.000000
2398.660898	45799.000000
2400.185781	45687.000000
2401.713660	45337.000000
2403.236336	45332.000000
2404.760369	45534.000000
2406.282479	45486.000000
2407.805945	45869.000000
2409.329128	46093.000000
2410.850390	45840.000000
2412.369732	45864.000000
2413.890429	45496.000000
2415.409207	45757.000000
2416.929340	45532.000000
2418.445919	45387.000000
2419.962217	45658.000000
2421.478234	45967.000000
2422.993971	46104.000000
2424.511061	46314.000000
2426.022967	46425.000000
2427.537862	46078.000000
2429.049209	46118.000000
2430.563543	46154.000000
2432.074331	46000.000000
2433.583207	45596.000000
2435.093438	45555.000000
2436.603389	45554.000000
2438.109798	46180.000000
2439.619192	46425.000000
2441.126677	46202.000000
2442.633884	46613.000000
2444.139182	46211.000000
2445.644203	45788.000000
2447.148946	45774.000000
2448.651783	45537.000000
2450.154344	45620.000000
2451.656628	45833.000000
2453.158636	45609.000000
2454.660368	45650.000000
2456.160195	45754.000000
2457.658119	45658.000000
2459.157396	45765.000000
2460.656398	45953.000000
2462.155124	46067.000000
2463.650322	46199.000000
2465.145246	46164.000000
2466.641523	46496.000000
2468.135899	46899.000000
2469.631628	46924.000000
2471.123831	46936.000000
2472.615762	46863.000000
2474.107420	46809.000000
2475.600429	46555.000000
2477.089918	46241.000000
2478.579134	45964.000000
2480.069702	46116.000000
2481.555127	45494.000000
2483.043528	45536.000000
2484.531658	45413.000000
2486.017893	45272.000000
2487.503858	45328.000000
2488.987930	45371.000000
2490.473353	45308.000000
2491.956884	45310.000000
2493.440145	45406.000000
2494.921516	45280.000000
2496.402618	45129.000000
2497.881830	45114.000000
2499.362393	45158.000000
2500.844307	45334.000000
2502.322713	45218.000000
2503.799231	45089.000000
2505.277101	45134.000000
2506.753084	45385.000000
2508.228799	45102.000000
2509.704247	45230.000000
2511.179428	45263.000000
2512.651107	45210.000000
2514.127371	45025.000000
2515.600133	45335.000000
2517.069397	45429.000000
2518.541628	45673.000000
2520.011976	45680.000000
2521.482059	45591.000000
2522.951876	45433.000000
2524.418198	45310.000000
2525.885870	45321.000000
2527.351663	45081.000000
2528.820419	44681.000000
2530.285684	44730.000000
2531.749071	44603.000000
2533.213807	44605.000000
2534.678280	44725.000000
2536.140876	45179.000000
2537.603209	45265.000000
2539.065279	45438.000000
2540.525474	45273.000000
2541.985408	44969.000000
2543.445078	44484.000000
2544.904487	44279.000000
2546.360412	44572.000000
2547.819297	44423.000000
2549.276310	44394.000000
2550.733062	44639.000000
2552.187943	44870.000000
2553.642563	45086.000000
2555.095314	45170.000000
2556.547805	45065.000000
2558.001644	44966.000000
2559.453616	44685.000000
2560.905327	44243.000000
2562.355171	44167.000000
2563.806364	44202.000000
2565.255690	43913.000000
2566.704757	43794.000000
2568.150354	44010.000000
2569.598904	44292.000000
2571.043985	44382.000000
2572.492018	44607.000000
2573.934979	44461.000000
2575.380892	44890.000000
2576.823338	44872.000000
2578.268736	45019.000000
2579.710668	45113.000000
2581.152344	44880.000000
2582.592161	44789.000000
2584.031721	44464.000000
2585.472629	44201.000000
2586.911678	44392.000000
2588.350471	44258.000000
2589.787407	44054.000000
2591.224089	44059.000000
2592.662116	44172.000000
2594.096687	43829.000000
2595.532604	43840.000000
2596.966666	43860.000000
2598.398874	43997.000000
2599.834029	43915.000000
2601.265729	43797.000000
2602.697177	43979.000000
2604.128372	44154.000000
2605.557715	43795.000000
2606.988403	43685.000000
2608.417241	43624.000000
2609.845827	43672.000000
2611.272562	43829.000000
2612.699046	43663.000000
2614.126876	43594.000000
2615.552857	43564.000000
2616.975393	43909.000000
2618.399276	43686.000000
2619.822908	44067.000000
2621.247885	44147.000000
2622.669420	44023.000000
2624.090705	44269.000000
2625.510145	44031.000000
2626.930931	44207.000000
2628.351467	44220.000000
2629.770159	44368.000000
2631.188603	44112.000000
2632.605204	44180.000000
2634.021556	44269.000000
2635.439253	43990.000000
2636.855109	43799.000000
2638.269125	43527.000000
2639.682893	43569.000000
2641.094821	43721.000000
2642.509686	43792.000000
2643.921121	43972.000000
2645.333899	44287.000000
2646.744840	44283.000000
2648.153944	44131.000000
2649.564392	43959.000000
2650.973004	43925.000000
2652.381370	43734.000000
2653.787901	43575.000000
2655.195776	43573.000000
2656.601817	43958.000000
2658.006024	44021.000000
2659.411574	43805.000000
2660.815293	43988.000000
2662.218766	43918.000000
2663.623583	43587.000000
2665.024981	43363.000000
2666.424549	43270.000000
2667.825461	43586.000000
2669.226129	43679.000000
2670.626553	43689.000000
2672.026735	43350.000000
2673.423502	43354.000000
2674.821613	43153.000000
2676.217896	43308.000000
2677.615522	43525.000000
2679.009737	43847.000000
2680.403710	44001.000000
2681.799026	43605.000000
2683.190934	43612.000000
2684.585767	43733.000000
2685.977193	43521.000000
2687.368379	43724.000000
2688.759324	43836.000000
2690.150029	43773.000000
2691.538912	43770.000000
2692.929137	44159.000000
2694.317541	43915.000000
2695.704124	43637.000000
2697.090469	43499.000000
2698.478155	43177.000000
2699.862441	43140.000000
2701.248069	43091.000000
2702.631879	43281.000000
2704.017030	43614.000000
2705.398785	43385.000000
2706.780302	43379.000000
2708.163160	43245.000000
2709.544203	43359.000000
2710.923430	43441.000000
2712.305576	43332.000000
2713.684330	43238.000000
2715.061270	43225.000000
2716.439551	42900.000000
2717.816019	42829.000000
2719.192252	42658.000000
2720.568249	42879.000000
2721.944010	42794.000000
2723.317960	42524.000000
2724.691675	42587.000000
2726.065156	42497.000000
2727.438401	42377.000000
2728.809837	42562.000000
2730.179465	42393.000000
2731.552007	42423.000000
2732.922741	42438.000000
2734.291668	42493.000000
2735.658788	42495.000000
2737.027248	42324.000000
2738.393902	42448.000000
2739.761896	42447.000000
2741.128085	42501.000000
2742.490898	42720.000000
2743.856622	42783.000000
2745.222114	42760.000000
2746.584231	42511.000000
2747.947688	42395.000000
2749.307773	42423.000000
2750.670767	42271.000000
2752.030389	42899.000000
2753.391351	42841.000000
2754.750513	42966.000000
2756.109444	43195.000000
2757.466576	43231.000000
2758.825047	42972.000000
2760.181719	43147.000000
2761.538162	43040.000000
2762.892807	42995.000000
2764.248791	43116.000000
2765.601411	43250.000000
2766.956937	43105.000000
2768.309100	43487.000000
2769.661035	43662.000000
2771.012742	43542.000000
2772.364220	43806.000000
2773.715471	43633.000000
2775.063363	43378.000000
2776.414158	43161.000000
2777.761596	42985.000000
2779.108807	42780.000000
2780.457355	42495.000000
2781.802548	41981.000000
2783.149079	41877.000000
2784.493821	41985.000000
2785.839899	41883.000000
2787.182625	41916.000000
2788.526688	42051.000000
2789.867401	41808.000000
2791.209451	41822.000000
2792.551276	42144.000000
2793.892877	42073.000000
2795.232690	41543.000000
2796.570718	41600.000000
2797.910083	41783.000000
2799.249224	42275.000000
2800.586580	42332.000000
2801.922153	42621.000000
2803.259062	42701.000000
2804.594188	42166.000000
2805.927532	42183.000000
2807.263771	42123.000000
2808.596669	42236.000000
2809.930904	42252.000000
2811.261799	41842.000000
2812.594031	42202.000000
2813.926040	41994.000000
2815.256270	41916.000000
2816.584721	42204.000000
2817.914508	42125.000000
2819.244074	42061.000000
2820.570306	41927.000000
2821.899429	41910.000000
2823.225220	41910.000000
2824.550790	42131.000000
2825.876141	41989.000000
2827.201271	41919.000000
2828.524626	42157.000000
2829.847762	41933.000000
2831.170679	41673.000000
2832.493376	41880.000000
2833.814300	41709.000000
2835.135006	41509.000000
2836.453939	41543.000000
2837.774208	41083.000000
2839.094258	41139.000000
2840.412537	41385.000000
2841.729046	41428.000000
2843.046889	41359.000000
2844.361411	41365.000000
2845.678820	41544.000000
2846.992908	41678.000000
2848.306780	41306.000000
2849.620435	41437.000000
2850.933873	41132.000000
2852.247096	40787.000000
2853.560101	40914.000000
2854.871341	41209.000000
2856.180815	41173.000000
2857.490074	41251.000000
2858.800667	41355.000000
2860.109496	41122.000000
2861.416561	41217.000000
2862.724960	41157.000000
2864.030048	40838.000000
2865.338018	40779.000000
2866.642677	40841.000000
2867.948671	40788.000000
2869.251356	40808.000000
2870.555374	40937.000000
2871.859179	41095.000000
2873.161224	41077.000000
2874.461511	41160.000000
2875.763130	41224.000000
2877.064537	40985.000000
2878.364185	41068.000000
2879.663622	41109.000000
2880.961301	40798.000000
2882.260313	40816.000000
2883.556025	40769.000000
2884.854613	40752.000000
2886.149902	40559.000000
2887.444980	40402.000000
2888.739847	40423.000000
2890.032961	40429.000000
2891.327406	40425.000000
2892.620099	40612.000000
2893.912581	40830.000000
2895.204853	40584.000000
2896.495374	40920.000000
2897.785684	40682.000000
2899.075786	40761.000000
2900.364137	40627.000000
2901.652279	40291.000000
2902.941752	40242.000000
2904.229476	39820.000000
2905.515452	39993.000000
2906.801219	40012.000000
2908.086778	39927.000000
2909.370590	40024.000000
2910.655733	40028.000000
2911.939129	39777.000000
2913.222319	39896.000000
2914.503762	40172.000000
2915.786537	40099.000000
2917.067566	40147.000000
2918.346851	40279.000000
2919.625931	40130.000000
2920.904804	40522.000000
2922.183471	40714.000000
2923.463468	40424.000000
2924.738650	40121.000000
2926.016699	39906.000000
2927.291471	40229.000000
2928.567573	40081.000000
2929.841935	40313.000000
2931.116092	40301.000000
2932.390045	40787.000000
2933.662258	40437.000000
2934.934267	40071.000000
2936.207606	39790.000000
2937.476139	39525.000000
2938.747537	39814.000000
2940.017197	40146.000000
2941.286653	40186.000000
2942.555907	40153.000000
2943.823424	40133.000000
2945.089207	39577.000000
2946.356319	39543.000000
2947.621697	39487.000000
2948.888404	39619.000000
2950.153378	39564.000000
2951.416618	39496.000000
2952.679657	39235.000000
2953.944025	39222.000000
2955.206661	39251.000000
2956.467565	38793.000000
2957.728269	38879.000000
2958.988772	38951.000000
2960.247544	39006.000000
2961.509175	38932.000000
2962.766018	38759.000000
2964.025719	38952.000000
2965.282163	39221.000000
2966.538407	39379.000000
2967.794451	39406.000000
2969.050296	39270.000000
2970.305942	39283.000000
2971.559862	39247.000000
2972.812055	39307.000000
2974.065577	38962.000000
2975.318901	39029.000000
2976.570499	38980.000000
2977.820374	38828.000000
2979.073102	38786.000000
2980.322581	38629.000000
2981.571863	38689.000000
2982.819422	38452.000000
2984.068309	38336.000000
2985.313949	38520.000000
2986.562442	38501.000000
2987.807690	38453.000000
2989.052741	38404.000000
2990.297596	38293.000000
2991.543778	38636.000000
2992.786718	39039.000000
2994.030984	38921.000000
2995.273533	39094.000000
2996.514363	38946.000000
2997.754998	38876.000000
2998.996961	38951.000000
3000.237206	38819.000000
3001.475735	38859.000000
3002.715591	38912.000000
3003.953732	38872.000000
3005.191678	38766.000000
3006.427909	38741.000000
3007.663947	38772.000000
3008.899792	38830.000000
3010.133923	39009.000000
3011.370900	38920.000000
3012.604645	38472.000000
3013.838196	38222.000000
3015.068518	37987.000000
3016.303203	37951.000000
3017.533139	38071.000000
3018.764403	38156.000000
3019.993956	38206.000000
3021.224835	38015.000000
3022.452487	38101.000000
3023.682982	37837.000000
3024.910251	37781.000000
3026.135813	37875.000000
3027.362700	37974.000000
3028.590913	37845.000000
3029.815903	37634.000000
3031.040702	37536.000000
3032.265310	37694.000000
3033.486698	38013.000000
3034.712442	38236.000000
3035.934965	38038.000000
3037.155784	37942.000000
3038.374900	37882.000000
3039.596855	37891.000000
3040.817106	37997.000000
3042.035655	37820.000000
3043.254016	37744.000000
3044.472188	37844.000000
3045.688658	37993.000000
3046.907966	38125.000000
3048.124060	37800.000000
3049.339966	37648.000000
3050.554173	37513.000000
3051.768192	37654.000000
3052.983536	37724.000000
3054.195669	37405.000000
3055.409126	37390.000000
3056.620886	37189.000000
3057.832459	36936.000000
3059.043845	36780.000000
3060.253535	36658.000000
3061.463039	36788.000000
3062.670847	36848.000000
3063.879979	37132.000000
3065.088925	37344.000000
3066.296176	37641.000000
3067.503242	37535.000000
3068.707105	37276.000000
3069.912293	37353.000000
3071.120312	37344.000000
3072.322114	37194.000000
3073.525239	37584.000000
3074.729688	37483.000000
3075.930939	37330.000000
3077.133512	37064.000000
3078.334395	37045.000000
3079.535094	37136.000000
3080.735609	37323.000000
3081.934436	37248.000000
3083.133079	37361.000000
3084.331539	37502.000000
3085.529817	37521.000000
3086.726406	37285.000000
3087.921309	37198.000000
3089.119038	37103.000000
3090.313577	37135.000000
3091.507933	37177.000000
3092.702108	37010.000000
3093.894598	36683.000000
3095.086906	36953.000000
3096.280537	37090.000000
3097.472483	37030.000000
3098.662745	36802.000000
3099.852826	36630.000000
3101.042727	37074.000000
3102.232448	37298.000000
3103.420486	37120.000000
3104.608345	36981.000000
3105.796023	37020.000000
3106.983522	37011.000000
3108.169340	36999.000000
3109.354979	36936.000000
3110.540438	36907.000000
3111.725718	36485.000000
3112.909319	36293.000000
3114.091242	36036.000000
3115.272986	36104.000000
3116.456052	36251.000000
3117.637439	36268.000000
3118.818649	36625.000000
3119.998182	36662.000000
3121.177537	37032.000000
3122.356715	37073.000000
3123.535716	36847.000000
3124.714539	36941.000000
3125.890189	36753.000000
3127.067161	36735.000000
3128.242458	36779.000000
3129.419076	36483.000000
3130.594021	36671.000000
3131.768789	36501.000000
3132.941885	36613.000000
3134.114805	36441.000000
3135.287549	36183.000000
3136.458622	36395.000000
3137.631015	36393.000000
3138.800243	36307.000000
3139.970791	36327.000000
3141.139669	36201.000000
3142.309866	35961.000000
3143.478395	36201.000000
3144.645255	36404.000000
3145.811941	36342.000000
3146.981440	36346.000000
3148.146285	36329.000000
3149.310956	36523.000000
3150.473960	36491.000000
3151.638285	36404.000000
3152.802436	36262.000000
3153.967906	36089.000000
3155.128726	36133.000000
3156.290866	36090.000000
3157.451341	36001.000000
3158.613135	35909.000000
3159.773266	35708.000000
3160.931734	35405.000000
3162.090030	35546.000000
3163.249644	35506.000000
3164.406107	35406.000000
3165.565378	35604.000000
3166.720007	35606.000000
3167.875956	35631.000000
3169.031734	35818.000000
3170.187340	35634.000000
3171.341287	35633.000000
3172.495063	35352.000000
3173.647181	35576.000000
3174.799128	35752.000000
3175.950906	35340.000000
3177.102513	35115.000000
3178.252463	34890.000000
3179.402244	34692.000000
3180.551856	34517.000000
3181.701298	34513.000000
3182.849084	34328.000000
3183.996701	34172.000000
3185.144150	34132.000000
3186.291430	33939.000000
3187.435570	33988.000000
3188.583998	34168.000000
3189.727802	34114.000000
3190.869952	34213.000000
3192.014906	34390.000000
3193.158206	34496.000000
3194.299855	34382.000000
3195.441336	34398.000000
3196.582650	34343.000000
3197.723797	34404.000000
3198.863294	34552.000000
3200.004107	34679.000000
3201.143270	34497.000000
3202.280784	34422.000000
3203.418132	34541.000000
3204.555314	34433.000000
3205.693812	34611.000000
3206.827698	34237.000000
3207.962901	34396.000000
3209.097938	34528.000000
3210.232810	34702.000000
3211.367516	34717.000000
3212.500576	35087.000000
3213.631991	35423.000000
3214.764722	35270.000000
3215.895807	35287.000000
3217.026729	35015.000000
3218.156006	34938.000000
3219.285120	35148.000000
3220.414069	35058.000000
3221.542856	34947.000000
3222.669999	35054.000000
3223.798458	34716.000000
3224.925275	35167.000000
3226.050450	34932.000000
3227.176941	34901.000000
3228.301790	34930.000000
3229.426477	34945.000000
3230.549524	34907.000000
3231.670932	34793.000000
3232.793655	34949.000000
3233.917693	34800.000000
3235.038615	34442.000000
3236.159375	34284.000000
3237.279974	34502.000000
3238.400412	34307.000000
3239.517736	34316.000000
3240.637851	34312.000000
3241.754854	34351.000000
3242.873172	34079.000000
3243.988378	34033.000000
3245.104900	33521.000000
3246.221261	33615.000000
3247.335987	33255.000000
3248.450554	33172.000000
3249.564961	33082.000000
3250.679208	33043.000000
3251.790348	33545.000000
3252.902802	33737.000000
3254.013624	33829.000000
3255.125760	33622.000000
3256.236265	33210.000000
3257.346610	33245.000000
3258.455325	33342.000000
3259.565353	33042.000000
3260.672279	32792.000000
3261.779047	32813.000000
3262.887129	32865.000000
3263.992110	33012.000000
3265.098405	33137.000000
3266.203071	33127.000000
3267.309051	33315.000000
3268.413403	33451.000000
3269.516127	33230.000000
3270.620165	33101.000000
3271.722576	33010.000000
3272.823361	32992.000000
3273.923990	32998.000000
3275.025932	32814.000000
3276.124779	32711.000000
3277.223471	32714.000000
3278.324944	32979.000000
3279.423324	32834.000000
3280.520080	32732.000000
3281.618150	32682.000000
3282.714596	32813.000000
3283.810887	32819.000000
3284.905556	32878.000000
3286.000070	32976.000000
3287.094429	33051.000000
3288.188635	32990.000000
3289.282685	32896.000000
3290.375116	33011.000000
3291.465926	33063.000000
3292.559514	33351.000000
3293.648551	33477.000000
3294.740366	33441.000000
3295.829096	33469.000000
3296.919139	33337.000000
3298.007563	33473.000000
3299.095835	33366.000000
3300.182489	33171.000000
3301.268991	32958.000000
3302.355340	32828.000000
3303.443001	32931.000000
3304.527582	32900.000000
3305.612010	32983.000000
3306.696288	32754.000000
3307.778950	32578.000000
3308.861461	32499.000000
3309.945283	32305.000000
3311.026028	32164.000000
3312.108085	32056.000000
3313.188529	31969.000000
3314.268822	32145.000000
3315.348964	32132.000000
3316.427493	32303.000000
3317.505873	32271.000000
3318.582641	32333.000000
3319.659260	32442.000000
3320.737189	32431.000000
3321.813508	32377.000000
3322.888217	32435.000000
3323.962776	32517.000000
3325.038646	32508.000000
3326.112907	32410.000000
3327.185559	32046.000000
3328.258062	32306.000000
3329.328958	32082.000000
3330.401164	32170.000000
3331.473221	32275.000000
3332.542213	31958.000000
3333.612516	32035.000000
3334.682670	31842.000000
3335.751218	32053.000000
3336.819619	32355.000000
3337.886414	32271.000000
3338.953063	32247.000000
3340.021020	31957.000000
3341.085917	31725.000000
3342.152124	31753.000000
3343.216727	31728.000000
3344.281184	31825.000000
3345.344038	31486.000000
3346.408201	31492.000000
3347.470762	31421.000000
3348.533177	31501.000000
3349.592536	31601.000000
3350.653204	31946.000000
3351.713726	31346.000000
3352.774103	31584.000000
3353.832880	31734.000000
3354.891512	31680.000000
3355.948544	31340.000000
3357.006886	31561.000000
3358.063629	31410.000000
3359.120227	31429.000000
3360.176680	31292.000000
3361.231536	31195.000000
3362.284795	31245.000000
3363.340815	31516.000000
3364.393787	31613.000000
3365.446614	31767.000000
3366.499298	31568.000000
3367.551838	31914.000000
3368.602782	31917.000000
3369.653584	32080.000000
3370.702791	31958.000000
3371.751856	31793.000000
3372.800778	31402.000000
3373.849557	31208.000000
3374.898193	31055.000000
3375.945237	30910.000000
3376.992139	30535.000000
3378.038898	30515.000000
3379.085515	30139.000000
3380.129091	30000.000000
3381.173975	29714.000000
3382.217269	29494.000000
3383.260421	29136.000000
3384.304881	28673.000000
3385.346302	28212.000000
3386.387582	28225.000000
3387.428722	27873.000000
3388.471169	27607.000000
3389.510579	27336.000000
3390.549849	27115.000000
3391.587532	26989.000000
3392.626522	26782.000000
3393.662478	26555.000000
3394.702635	26426.000000
3395.739758	25924.000000
3396.775295	25690.000000
3397.809247	25205.000000
3398.845952	24829.000000
3399.881071	24789.000000
3400.914606	24683.000000
3401.946557	24529.000000
3402.979815	24353.000000
3404.011488	23949.000000
3405.044469	23780.000000
3406.074421	23526.000000
3407.105680	23230.000000
3408.135357	22998.000000
3409.166339	22873.000000
3410.195740	22421.000000
3411.222116	22352.000000
3412.249798	21925.000000
3413.277343	21660.000000
3414.303308	21486.000000
3415.330579	21180.000000
3416.356270	20934.000000
3417.381824	20755.000000
3418.405799	20337.000000
3419.429637	20243.000000
3420.453340	20089.000000
3421.475464	19897.000000
3422.497452	19771.000000
3423.519305	19756.000000
3424.539580	19164.000000
3425.561161	18833.000000
3426.581166	18356.000000
3427.601035	17941.000000
3428.620769	17800.000000
3429.638927	17597.000000
3430.656950	17432.000000
3431.673399	17017.000000
3432.689713	16791.000000
3433.705893	16344.000000
3434.720499	16075.000000
3435.737849	15693.000000
3436.752187	15613.000000
3437.764952	15292.000000
3438.779022	15018.000000
3439.792958	14791.000000
3440.803884	14649.000000
3441.814677	14313.000000
3442.826775	14048.000000
3443.837301	13894.000000
3444.846258	13769.000000
3445.857955	13382.000000
